9.480000000000000000e+02 4.000000000000000000e+00 1.100000000000000000e+01 7.000000000000000000e+00 3.000000000000000000e+00 1.000000000000000000e+00 0.000000000000000000e+00 1.000000000000000000e+00 1.900000000000000000e+01 6.000000000000000000e+00
4.000000000000000000e+00 9.640000000000000000e+02 0.000000000000000000e+00 0.000000000000000000e+00 0.000000000000000000e+00 0.000000000000000000e+00 1.000000000000000000e+00 0.000000000000000000e+00 5.000000000000000000e+00 2.600000000000000000e+01
1.200000000000000000e+01 0.000000000000000000e+00 9.300000000000000000e+02 2.200000000000000000e+01 1.400000000000000000e+01 1.100000000000000000e+01 7.000000000000000000e+00 2.000000000000000000e+00 1.000000000000000000e+00 1.000000000000000000e+00
6.000000000000000000e+00 1.000000000000000000e+00 9.000000000000000000e+00 8.970000000000000000e+02 1.500000000000000000e+01 5.700000000000000000e+01 7.000000000000000000e+00 3.000000000000000000e+00 4.000000000000000000e+00 1.000000000000000000e+00
4.000000000000000000e+00 1.000000000000000000e+00 1.300000000000000000e+01 1.300000000000000000e+01 9.550000000000000000e+02 8.000000000000000000e+00 1.000000000000000000e+00 5.000000000000000000e+00 0.000000000000000000e+00 0.000000000000000000e+00
4.000000000000000000e+00 0.000000000000000000e+00 1.600000000000000000e+01 6.800000000000000000e+01 1.200000000000000000e+01 8.920000000000000000e+02 1.000000000000000000e+00 7.000000000000000000e+00 0.000000000000000000e+00 0.000000000000000000e+00
7.000000000000000000e+00 0.000000000000000000e+00 1.000000000000000000e+01 2.100000000000000000e+01 8.000000000000000000e+00 3.000000000000000000e+00 9.500000000000000000e+02 1.000000000000000000e+00 0.000000000000000000e+00 0.000000000000000000e+00
5.000000000000000000e+00 0.000000000000000000e+00 8.000000000000000000e+00 7.000000000000000000e+00 1.000000000000000000e+01 1.200000000000000000e+01 0.000000000000000000e+00 9.560000000000000000e+02 1.000000000000000000e+00 1.000000000000000000e+00
2.100000000000000000e+01 2.000000000000000000e+00 3.000000000000000000e+00 1.000000000000000000e+00 0.000000000000000000e+00 0.000000000000000000e+00 1.000000000000000000e+00 0.000000000000000000e+00 9.650000000000000000e+02 7.000000000000000000e+00
4.000000000000000000e+00 1.600000000000000000e+01 1.000000000000000000e+00 6.000000000000000000e+00 0.000000000000000000e+00 1.000000000000000000e+00 0.000000000000000000e+00 1.000000000000000000e+00 1.000000000000000000e+01 9.610000000000000000e+02
