9.570000000000000000e+02 2.000000000000000000e+00 1.500000000000000000e+01 6.000000000000000000e+00 1.000000000000000000e+00 0.000000000000000000e+00 0.000000000000000000e+00 0.000000000000000000e+00 1.100000000000000000e+01 8.000000000000000000e+00
3.000000000000000000e+00 9.730000000000000000e+02 0.000000000000000000e+00 0.000000000000000000e+00 1.000000000000000000e+00 0.000000000000000000e+00 0.000000000000000000e+00 0.000000000000000000e+00 4.000000000000000000e+00 1.900000000000000000e+01
1.200000000000000000e+01 0.000000000000000000e+00 9.460000000000000000e+02 9.000000000000000000e+00 9.000000000000000000e+00 9.000000000000000000e+00 1.300000000000000000e+01 0.000000000000000000e+00 2.000000000000000000e+00 0.000000000000000000e+00
4.000000000000000000e+00 2.000000000000000000e+00 1.900000000000000000e+01 8.700000000000000000e+02 1.400000000000000000e+01 6.600000000000000000e+01 1.300000000000000000e+01 4.000000000000000000e+00 5.000000000000000000e+00 3.000000000000000000e+00
4.000000000000000000e+00 0.000000000000000000e+00 3.000000000000000000e+00 1.000000000000000000e+01 9.670000000000000000e+02 3.000000000000000000e+00 8.000000000000000000e+00 4.000000000000000000e+00 1.000000000000000000e+00 0.000000000000000000e+00
3.000000000000000000e+00 0.000000000000000000e+00 1.300000000000000000e+01 4.900000000000000000e+01 9.000000000000000000e+00 9.180000000000000000e+02 3.000000000000000000e+00 4.000000000000000000e+00 0.000000000000000000e+00 1.000000000000000000e+00
5.000000000000000000e+00 0.000000000000000000e+00 1.500000000000000000e+01 1.200000000000000000e+01 1.000000000000000000e+00 1.000000000000000000e+00 9.630000000000000000e+02 1.000000000000000000e+00 0.000000000000000000e+00 2.000000000000000000e+00
7.000000000000000000e+00 0.000000000000000000e+00 6.000000000000000000e+00 8.000000000000000000e+00 1.100000000000000000e+01 1.700000000000000000e+01 1.000000000000000000e+00 9.490000000000000000e+02 1.000000000000000000e+00 0.000000000000000000e+00
2.400000000000000000e+01 4.000000000000000000e+00 2.000000000000000000e+00 1.000000000000000000e+00 0.000000000000000000e+00 0.000000000000000000e+00 0.000000000000000000e+00 0.000000000000000000e+00 9.630000000000000000e+02 6.000000000000000000e+00
4.000000000000000000e+00 1.600000000000000000e+01 2.000000000000000000e+00 3.000000000000000000e+00 0.000000000000000000e+00 0.000000000000000000e+00 0.000000000000000000e+00 0.000000000000000000e+00 8.000000000000000000e+00 9.670000000000000000e+02
