4.936000000000000000e+03 3.000000000000000000e+00 2.300000000000000000e+01 6.000000000000000000e+00 1.000000000000000000e+00 2.000000000000000000e+00 2.000000000000000000e+00 0.000000000000000000e+00 1.900000000000000000e+01 8.000000000000000000e+00
2.000000000000000000e+00 4.962000000000000000e+03 1.000000000000000000e+00 2.000000000000000000e+00 0.000000000000000000e+00 0.000000000000000000e+00 0.000000000000000000e+00 1.000000000000000000e+00 6.000000000000000000e+00 2.600000000000000000e+01
4.100000000000000000e+01 0.000000000000000000e+00 4.888000000000000000e+03 1.800000000000000000e+01 1.200000000000000000e+01 1.700000000000000000e+01 1.100000000000000000e+01 5.000000000000000000e+00 6.000000000000000000e+00 2.000000000000000000e+00
9.000000000000000000e+00 2.000000000000000000e+00 3.700000000000000000e+01 4.763000000000000000e+03 3.200000000000000000e+01 1.170000000000000000e+02 2.100000000000000000e+01 7.000000000000000000e+00 8.000000000000000000e+00 4.000000000000000000e+00
5.000000000000000000e+00 0.000000000000000000e+00 1.600000000000000000e+01 1.600000000000000000e+01 4.928000000000000000e+03 8.000000000000000000e+00 1.200000000000000000e+01 1.300000000000000000e+01 2.000000000000000000e+00 0.000000000000000000e+00
6.000000000000000000e+00 0.000000000000000000e+00 1.300000000000000000e+01 1.130000000000000000e+02 3.100000000000000000e+01 4.806000000000000000e+03 6.000000000000000000e+00 2.200000000000000000e+01 2.000000000000000000e+00 1.000000000000000000e+00
5.000000000000000000e+00 1.000000000000000000e+00 2.100000000000000000e+01 1.100000000000000000e+01 1.000000000000000000e+01 1.100000000000000000e+01 4.941000000000000000e+03 0.000000000000000000e+00 0.000000000000000000e+00 0.000000000000000000e+00
1.000000000000000000e+01 0.000000000000000000e+00 1.300000000000000000e+01 1.800000000000000000e+01 1.300000000000000000e+01 1.700000000000000000e+01 2.000000000000000000e+00 4.925000000000000000e+03 0.000000000000000000e+00 2.000000000000000000e+00
3.200000000000000000e+01 6.000000000000000000e+00 3.000000000000000000e+00 1.000000000000000000e+00 0.000000000000000000e+00 0.000000000000000000e+00 0.000000000000000000e+00 0.000000000000000000e+00 4.951000000000000000e+03 7.000000000000000000e+00
9.000000000000000000e+00 2.900000000000000000e+01 4.000000000000000000e+00 3.000000000000000000e+00 0.000000000000000000e+00 1.000000000000000000e+00 1.000000000000000000e+00 0.000000000000000000e+00 8.000000000000000000e+00 4.945000000000000000e+03
