4.938000000000000000e+03 1.000000000000000000e+01 1.900000000000000000e+01 4.000000000000000000e+00 0.000000000000000000e+00 2.000000000000000000e+00 4.000000000000000000e+00 1.000000000000000000e+00 1.600000000000000000e+01 6.000000000000000000e+00
4.000000000000000000e+00 4.960000000000000000e+03 0.000000000000000000e+00 0.000000000000000000e+00 0.000000000000000000e+00 1.000000000000000000e+00 0.000000000000000000e+00 0.000000000000000000e+00 6.000000000000000000e+00 2.900000000000000000e+01
3.700000000000000000e+01 0.000000000000000000e+00 4.892000000000000000e+03 2.300000000000000000e+01 1.100000000000000000e+01 1.100000000000000000e+01 1.500000000000000000e+01 8.000000000000000000e+00 3.000000000000000000e+00 0.000000000000000000e+00
1.100000000000000000e+01 0.000000000000000000e+00 3.900000000000000000e+01 4.755000000000000000e+03 3.700000000000000000e+01 1.160000000000000000e+02 2.600000000000000000e+01 5.000000000000000000e+00 7.000000000000000000e+00 4.000000000000000000e+00
5.000000000000000000e+00 0.000000000000000000e+00 2.100000000000000000e+01 1.900000000000000000e+01 4.929000000000000000e+03 5.000000000000000000e+00 8.000000000000000000e+00 1.000000000000000000e+01 3.000000000000000000e+00 0.000000000000000000e+00
5.000000000000000000e+00 0.000000000000000000e+00 1.700000000000000000e+01 1.160000000000000000e+02 2.100000000000000000e+01 4.808000000000000000e+03 7.000000000000000000e+00 2.100000000000000000e+01 2.000000000000000000e+00 3.000000000000000000e+00
7.000000000000000000e+00 0.000000000000000000e+00 2.000000000000000000e+01 1.100000000000000000e+01 3.000000000000000000e+00 5.000000000000000000e+00 4.952000000000000000e+03 1.000000000000000000e+00 1.000000000000000000e+00 0.000000000000000000e+00
6.000000000000000000e+00 0.000000000000000000e+00 1.300000000000000000e+01 1.600000000000000000e+01 2.000000000000000000e+01 2.100000000000000000e+01 1.000000000000000000e+00 4.922000000000000000e+03 0.000000000000000000e+00 1.000000000000000000e+00
2.800000000000000000e+01 6.000000000000000000e+00 7.000000000000000000e+00 1.000000000000000000e+00 0.000000000000000000e+00 2.000000000000000000e+00 1.000000000000000000e+00 0.000000000000000000e+00 4.946000000000000000e+03 9.000000000000000000e+00
6.000000000000000000e+00 2.500000000000000000e+01 4.000000000000000000e+00 3.000000000000000000e+00 1.000000000000000000e+00 3.000000000000000000e+00 3.000000000000000000e+00 0.000000000000000000e+00 1.200000000000000000e+01 4.943000000000000000e+03
