4.940000000000000000e+03 2.000000000000000000e+00 1.500000000000000000e+01 5.000000000000000000e+00 0.000000000000000000e+00 2.000000000000000000e+00 5.000000000000000000e+00 1.000000000000000000e+00 2.100000000000000000e+01 9.000000000000000000e+00
3.000000000000000000e+00 4.967000000000000000e+03 0.000000000000000000e+00 0.000000000000000000e+00 0.000000000000000000e+00 1.000000000000000000e+00 0.000000000000000000e+00 1.000000000000000000e+00 3.000000000000000000e+00 2.500000000000000000e+01
3.400000000000000000e+01 0.000000000000000000e+00 4.890000000000000000e+03 2.200000000000000000e+01 8.000000000000000000e+00 1.200000000000000000e+01 1.900000000000000000e+01 6.000000000000000000e+00 7.000000000000000000e+00 2.000000000000000000e+00
1.000000000000000000e+01 0.000000000000000000e+00 4.100000000000000000e+01 4.759000000000000000e+03 3.000000000000000000e+01 1.190000000000000000e+02 2.400000000000000000e+01 7.000000000000000000e+00 7.000000000000000000e+00 3.000000000000000000e+00
3.000000000000000000e+00 0.000000000000000000e+00 2.300000000000000000e+01 1.800000000000000000e+01 4.930000000000000000e+03 7.000000000000000000e+00 1.000000000000000000e+01 7.000000000000000000e+00 1.000000000000000000e+00 1.000000000000000000e+00
4.000000000000000000e+00 1.000000000000000000e+00 1.100000000000000000e+01 1.150000000000000000e+02 3.900000000000000000e+01 4.790000000000000000e+03 1.000000000000000000e+01 2.500000000000000000e+01 3.000000000000000000e+00 2.000000000000000000e+00
5.000000000000000000e+00 0.000000000000000000e+00 2.000000000000000000e+01 9.000000000000000000e+00 4.000000000000000000e+00 7.000000000000000000e+00 4.954000000000000000e+03 0.000000000000000000e+00 1.000000000000000000e+00 0.000000000000000000e+00
4.000000000000000000e+00 0.000000000000000000e+00 1.300000000000000000e+01 1.900000000000000000e+01 1.400000000000000000e+01 2.000000000000000000e+01 2.000000000000000000e+00 4.925000000000000000e+03 2.000000000000000000e+00 1.000000000000000000e+00
2.500000000000000000e+01 1.100000000000000000e+01 5.000000000000000000e+00 0.000000000000000000e+00 0.000000000000000000e+00 1.000000000000000000e+00 2.000000000000000000e+00 1.000000000000000000e+00 4.945000000000000000e+03 1.000000000000000000e+01
4.000000000000000000e+00 2.500000000000000000e+01 2.000000000000000000e+00 4.000000000000000000e+00 1.000000000000000000e+00 3.000000000000000000e+00 1.000000000000000000e+00 0.000000000000000000e+00 1.100000000000000000e+01 4.949000000000000000e+03
