4.940000000000000000e+03 6.000000000000000000e+00 2.100000000000000000e+01 6.000000000000000000e+00 0.000000000000000000e+00 3.000000000000000000e+00 2.000000000000000000e+00 1.000000000000000000e+00 1.700000000000000000e+01 4.000000000000000000e+00
1.000000000000000000e+00 4.961000000000000000e+03 2.000000000000000000e+00 0.000000000000000000e+00 1.000000000000000000e+00 2.000000000000000000e+00 0.000000000000000000e+00 0.000000000000000000e+00 8.000000000000000000e+00 2.500000000000000000e+01
3.400000000000000000e+01 0.000000000000000000e+00 4.893000000000000000e+03 2.200000000000000000e+01 1.000000000000000000e+01 1.100000000000000000e+01 1.700000000000000000e+01 8.000000000000000000e+00 3.000000000000000000e+00 2.000000000000000000e+00
1.300000000000000000e+01 0.000000000000000000e+00 4.400000000000000000e+01 4.751000000000000000e+03 3.400000000000000000e+01 1.090000000000000000e+02 2.800000000000000000e+01 1.100000000000000000e+01 6.000000000000000000e+00 4.000000000000000000e+00
7.000000000000000000e+00 0.000000000000000000e+00 2.000000000000000000e+01 1.300000000000000000e+01 4.935000000000000000e+03 8.000000000000000000e+00 8.000000000000000000e+00 9.000000000000000000e+00 0.000000000000000000e+00 0.000000000000000000e+00
6.000000000000000000e+00 0.000000000000000000e+00 1.700000000000000000e+01 1.090000000000000000e+02 2.900000000000000000e+01 4.804000000000000000e+03 8.000000000000000000e+00 2.300000000000000000e+01 1.000000000000000000e+00 3.000000000000000000e+00
7.000000000000000000e+00 0.000000000000000000e+00 1.900000000000000000e+01 1.100000000000000000e+01 7.000000000000000000e+00 9.000000000000000000e+00 4.946000000000000000e+03 1.000000000000000000e+00 0.000000000000000000e+00 0.000000000000000000e+00
4.000000000000000000e+00 0.000000000000000000e+00 1.400000000000000000e+01 1.800000000000000000e+01 1.600000000000000000e+01 2.100000000000000000e+01 1.000000000000000000e+00 4.923000000000000000e+03 2.000000000000000000e+00 1.000000000000000000e+00
2.400000000000000000e+01 7.000000000000000000e+00 4.000000000000000000e+00 1.000000000000000000e+00 0.000000000000000000e+00 1.000000000000000000e+00 2.000000000000000000e+00 0.000000000000000000e+00 4.953000000000000000e+03 8.000000000000000000e+00
9.000000000000000000e+00 2.700000000000000000e+01 4.000000000000000000e+00 3.000000000000000000e+00 0.000000000000000000e+00 1.000000000000000000e+00 1.000000000000000000e+00 1.000000000000000000e+00 6.000000000000000000e+00 4.948000000000000000e+03
